coltrane1
[[3.0, 2.0, 67.0], [7.0, 4.5, 81.0], [6.0, 2.0, 75.0], [7.0, 1.0, 71.0], [4.0, 4.0, 70.0], [7.0, 2.0, 75.0], [3.0, 4.0, 63.0], [5.0, 4.5, 68.0], [4.0, 2.5, 64.0], [7.0, 4.0, 78.0], [8.0, 2.5, 74.0], [2.0, 3.0, 70.0], [6.0, 4.5, 80.0], [1.0, 1.0, 69.0], [4.0, 4.5, 71.0], [2.0, 1.0, 74.0], [7.0, 3.5, 76.0], [1.0, 4.5, 76.0], [8.0, 1.0, 78.0], [2.0, 4.5, 77.0], [1.0, 1.5, 72.0], [4.0, 3.0, 66.0], [2.0, 3.5, 72.0], [6.0, 1.0, 67.0], [6.0, 1.5, 70.0], [6.0, 3.5, 73.0], [1.0, 3.0, 78.0], [2.0, 1.5, 71.0], [5.0, 1.5, 68.0], [5.0, 4.0, 70.0], [1.0, 2.5, 79.0], [2.0, 2.0, 67.0], [4.0, 1.0, 59.0], [5.0, 3.0, 62.0], [6.0, 2.5, 79.0], [7.0, 2.5, 78.0], [2.0, 4.0, 74.0], [4.0, 1.5, 61.0], [3.0, 1.0, 75.0], [4.0, 2.0, 63.0], [4.0, 3.5, 68.0], [7.0, 1.5, 73.0], [5.0, 2.0, 65.0], [6.0, 4.0, 76.0], [3.0, 3.0, 68.0], [5.0, 3.5, 71.0], [7.0, 3.0, 72.0], [1.0, 2.0, 76.0], [5.0, 2.5, 63.0], [5.0, 1.0, 72.0], [3.0, 3.5, 64.0], [6.0, 3.0, 70.0], [8.0, 2.0, 76.0], [3.0, 4.5, 61.0], [3.0, 1.5, 70.0]]

intermediate1
[[3.0, 2.0, 69.0], [1.0, 4.0, 69.0], [1.0, 4.5, 65.0], [3.0, 2.5, 74.0], [3.0, 1.0, 65.0], [1.0, 3.0, 72.0], [1.0, 2.0, 65.0], [2.0, 2.0, 67.0], [3.0, 4.0, 77.0], [3.0, 1.5, 67.0], [3.0, 4.5, 72.0], [3.0, 3.5, 76.0], [1.0, 1.5, 69.0], [1.0, 2.5, 74.0], [2.0, 1.5, 62.0]]

basics9
[[1, 1, 72], [1, 1.5, 72], [1, 2, 72], [1, 2.5, 72], [1, 3, 72], [1, 3.5, 72], [1, 4, 72], [1, 4.5, 72]]

basics10
